'București', 'Cluj-Napoca', 'Timișoara', 'Iași', 'Constanța', 'Craiova', 'Brașov', 'Galați', 'Ploiești', 'Oradea'
0   495 214 101 144 280 356 309 258 232 240
495   0 451 339 227 262 173 288 297 489 198
214 451   0 107 386 212 181 458 329 339 456
101 339 107   0 465 304 109 382 232 284 146
144 227 386 465   0 297 318 306 457 470 350
280 262 212 304 297   0 426 209 434 395 259
356 173 181 109 318 426   0 373 284 158 189
309 288 458 382 306 209 373   0 439 224 114
258 297 329 232 457 434 284 439   0 235 313
232 489 339 284 470 395 158 224 235   0 300
240 198 456 146 350 259 189 114 313 300   0